/*   pr05-05B.pen        (問題05-05)  (九九の表)
 *   九九の表を出力するプログラムを書け．
 */
「 1  2  3  4  5  6  7  8  9」 を印刷する
「 2  4  6  8 10 12 14 16 18」 を印刷する
「 3  6  9 12 15 18 21 24 27」 を印刷する
「 4  8 12 16 20 24 28 32 36」 を印刷する
「 5 10 15 20 25 30 35 40 45」 を印刷する
「 6 12 18 24 30 36 42 48 54」 を印刷する
「 7 14 21 28 35 42 49 56 63」 を印刷する
「 8 16 24 32 40 48 56 64 72」 を印刷する
「 9 18 27 36 45 54 63 72 81」 を印刷する
